>> A = [3 5 -1 1 0 0; 1 0 1 0 1 0; 1 -1 2 0 0 1]

A =

     3     5    -1     1     0     0
     1     0     1     0     1     0
     1    -1     2     0     0     1

>> b = [5 -1 0; 0 1 1; -1 2 0]

b =

     5    -1     0
     0     1     1
    -1     2     0

>> inv(b)

ans =

    0.2222         0    0.1111
    0.1111         0    0.5556
   -0.1111    1.0000   -0.5556

>> inv(b) * A

ans =

    0.7778    1.0000         0    0.2222         0    0.1111
    0.8889         0    1.0000    0.1111         0    0.5556
    0.1111         0         0   -0.1111    1.0000   -0.5556

>> c = [12 7 9]

c =

    12     7     9

>> c = c'

c =

    12
     7
     9

>> inv(b)*c

ans =

    3.6667
    6.3333
    0.6667
    
valid inequality: -0.7778 * y1 - 0.2222 * y4 - 0.1111 * y6 <= -0.6667
