>> A = [3 5 -1 1 0 0; 1 0 1 0 1 0; 1 -1 2 0 0 1]

A =

       3              5             -1              1              0              0       
       1              0              1              0              1              0       
       1             -1              2              0              0              1       

>> B = [5 -1 0; 0 1 1; -1 2 0]

B =

       5             -1              0       
       0              1              1       
      -1              2              0 

>> b = [12 7 9]'

b =

      12       
       7       
       9   

>> inv(B)

ans =

       2/9            0              1/9     
       1/9            0              5/9     
      -1/9            1             -5/9     

>> inv(B)*A

ans =

       7/9            1              0              2/9            0              1/9     
       8/9            0              1              1/9            0              5/9     
       1/9            0              0             -1/9            1             -5/9     

>> inv(B)*b

ans =

      11/3     
      19/3     
       2/3 
